1.0000000        1.0000000        -0.5882245        -0.1361387        0.2276793        
-1.0000000        -1.0000000        -0.4003428        1.0000000        -1.0000000        
-0.2547705        -0.7576016        0.7014502        0.2774953        0.4420679        
1.0000000        -1.0000000        -1.0000000        -0.2636076        1.0000000        
0.0140758        0.5695523        0.7514650        1.0000000        0.1429119        
1.0000000        1.0000000        0.8203477        0.7675503        0.4225532        
-0.5292341        0.1376598        1.0000000        0.7511230        0.7264270        
-1.0000000        -0.2044019        -0.6300374        0.5419403        1.0000000        
0.8352655        0.0078250        -0.8357732        0.5596673        -0.6010920        
-0.0925035        -0.3868469        0.5663537        0.2453517        -0.5548565        
-0.4509048        1.0000000        -0.4147570        -1.0000000        0.9384430        
-0.7608349        0.8585908        -0.3717139        1.0000000        -0.8587680        
1.0000000        -0.6031924        -0.4334455        0.3628116        0.6768320        
-0.9083087        -0.7660806        0.3553964        0.1989765        0.8206037        
1.0000000        1.0000000        0.8405811        1.0000000        1.0000000        
0.2396192        0.7362641        -1.0000000        0.3646845        0.2163479        
0.1856099        0.8491499        -0.6983097        -1.0000000        1.0000000        
-0.1581715        0.7526338        0.5759737        0.6963043        -1.0000000        
1.0000000        1.0000000        -0.5869243        1.0000000        1.0000000        
-1.0000000        -0.1114436        0.9256225        -0.5397030        0.2339250        
0.2903741        -1.0000000        0.4755545        0.8749772        0.3785997        
1.0000000        -1.0000000        -0.6092347        0.2660395        0.3892574        
1.0000000        0.5476993        -1.0000000        -0.4068122        -0.3367150        
-0.2201082        0.2614723        -0.1748205        -0.1178850        0.1682072        
-0.9381603        -0.6899092        0.0428483        -0.6072881        -1.0000000        
0.0980696        -0.0864606        -0.5116853        0.0000000        0.8436995        
0.0865949        -0.3714572        -0.3233711        -0.0128916        0.0063197        
-0.2635840        -0.0391205        0.2603137        0.2601732        0.0000000        
-0.0599305        0.0092108        0.0641636        0.0779294        0.1470454        
-0.0919215        0.0593920        -0.0252197        -0.0821616        -0.8076754        
-0.0125026        0.2887021        -0.0232317        -0.0994010        -0.0621167        
0.0000000        -0.7430015        -0.0024709        0.0721707        -0.0066968        
0.0576030        0.0987975        -0.3370378        0.1343730        -0.0105969        
0.0529575        0.0000000        0.1502057        0.0000000        0.0331130        
0.0000000        0.5971956        -0.1178031        -0.0880013        -0.0303124        
0.0647140        0.2191260        -0.4925322        0.0128916        -0.0307519        
0.0469645        0.0177059        -0.3688669        -0.0725503        -0.1749269        
-0.0299892        0.3437210        0.5284171        -0.1759787        -0.0398800        
0.0821225        -0.0981476        -0.6014287        0.1512484        -0.0347105        
-0.0102868        -0.0127301        -0.0111115        0.0661008        -0.0924674        
-0.4091429        -0.6096205        0.0743586        0.2189248        -0.7143633        
0.6151761        -0.1002881        0.0000000        0.0034310        0.2935343        
0.0000000        0.0294325        0.2320893        0.3808976        0.0846581        
-0.0405454        -0.1339014        0.0656834        -0.0843281        0.0000000        
0.0189973        0.0000000        -0.1433043        0.0568462        -0.0824229        
0.0939028        -0.1278353        -0.1351585        0.0071809        0.5704476        
-0.0082308        0.0078110        -0.0355742        0.0000000        0.6382648        
-0.0018749        0.2336765        -0.1325387        -0.7844641        -0.0051868        
-0.4215544        0.4789528        -0.3272054        0.0889157        -0.1123301        
-0.0023106        0.1018331        0.0106819        -0.1126388        0.0000000        
