-0.4602062        0.4554605        -0.9399533        0.6467210        -0.5144324        
-0.3840654        0.2067939        -0.2719075        0.7017178        -0.3093488        
-0.5714533        0.0537245        -0.3791107        0.5533875        0.1439016        
-0.3661181        0.4605999        0.7786554        0.4345780        -0.3502017        
-0.2639642        0.6454225        -0.2503864        0.9451400        -0.7826037        
0.9945990        -0.7221220        -0.3126662        -0.9493120        -0.9575748        
0.8492794        -0.0747666        0.0291347        0.6220136        0.2189057        
0.8043049        0.2437453        0.4689476        0.3198607        -0.6696871        
0.8656593        0.4250808        -0.9452617        -0.7915120        0.0525433        
0.5220215        -0.9961520        0.4553172        0.4635550        0.0291550        
-0.3518240        0.9662424        -0.4313326        0.4701026        -0.6826940        
-0.5062214        -0.5174670        -0.3582137        0.5768357        0.6715385        
0.0989151        0.9054299        0.5398674        0.2497597        0.9402986        
-0.6136926        0.3870060        -0.5866758        0.0636670        -0.4489928        
-0.1718692        0.9483835        0.1575882        -0.8668881        0.8302077        
-0.9060110        0.3594559        0.5284040        -0.8619627        0.1025177        
0.3047826        -0.2234875        -0.8928022        -0.2336371        0.9395326        
-0.9690137        -0.6540041        -0.6677967        0.6860833        -0.7267438        
0.5892211        -0.5655186        -0.5022945        0.7566026        -0.7657242        
-0.6125305        0.3172618        0.2036380        -0.1175159        0.0232832        
0.6450297        -0.2560729        0.3500305        0.0382600        -0.0214869        
0.9887599        0.4116489        0.0849084        0.7758861        0.7841492        
-0.2039377        0.4900082        0.0485041        0.2169020        -0.5931365        
-0.8547618        -0.3204700        0.3198672        0.2896564        0.7916542        
-0.4615629        -0.9687619        0.1539150        0.4830057        -0.5122895        
